1 0.9872767857142857 0.7983705357142857 0.01651785714285709 0.10959821428571433
0 0.03801339285714286 0.4716294642857143 0.04959821428571428 0.04959821428571428
0 0.6004241071428571 0.18448660714285714 0.04959821428571434 0.04959821428571428
0 0.38953124999999994 0.3094866071428571 0.04959821428571428 0.04959821428571428
0 0.47734375 0.4325669642857143 0.04959821428571428 0.04959821428571428
0 0.8466294642857142 0.29515625 0.04959821428571422 0.04959821428571428
0 0.7989062499999999 0.22359374999999998 0.04959821428571422 0.04959821428571428
0 0.95921875 0.011272321428571427 0.04959821428571422 0.031473214285714285
0 0.2902232142857143 0.9804241071428571 0.04955357142857143 0.03022321428571433
0 0.31832589285714286 0.9260044642857143 0.04959821428571428 0.04959821428571422
