0 0.14345982142857142 0.4086160714285714 0.04959821428571428 0.04964285714285716
0 0.05743303571428572 0.7260267857142857 0.04959821428571429 0.04964285714285716
0 0.35484375000000007 0.5246428571428571 0.04959821428571428 0.04964285714285716
0 0.25948660714285715 0.5879910714285714 0.049598214285714315 0.04964285714285716
0 0.4588169642857143 0.4530133928571428 0.04959821428571428 0.04959821428571428
0 0.9833035714285714 0.09712053571428571 0.024464285714285668 0.04959821428571428
0 0.24095982142857142 0.98296875 0.04959821428571428 0.02513392857142855
0 0.28801339285714284 0.9647098214285714 0.049598214285714246 0.04959821428571434
0 0.39294642857142853 0.8972991071428571 0.04964285714285716 0.04959821428571434
0 0.44256696428571424 0.8622991071428571 0.04959821428571428 0.04959821428571434
0 0.7522321428571428 0.6494866071428572 0.04964285714285716 0.04959821428571422
