0 0.33671875 0.41595982142857146 0.04959821428571428 0.04959821428571428
0 0.6434598214285714 0.4086160714285714 0.04959821428571422 0.04964285714285716
0 0.5574330357142857 0.7260267857142857 0.04959821428571422 0.04964285714285716
0 0.85484375 0.5246428571428571 0.04959821428571422 0.04964285714285716
0 0.7594866071428571 0.5879910714285714 0.04959821428571434 0.04964285714285716
0 0.9588169642857143 0.4530133928571428 0.04959821428571434 0.04959821428571428
0 0.7409598214285713 0.98296875 0.04959821428571434 0.02513392857142855
0 0.7880133928571428 0.9647098214285714 0.04959821428571422 0.04959821428571434
0 0.8929464285714286 0.8972991071428571 0.04964285714285716 0.04959821428571434
0 0.9425669642857142 0.8622991071428571 0.04959821428571422 0.04959821428571434
