0 0.32627232142857143 0.7168973214285713 0.04959821428571428 0.04959821428571422
0 0.15274553571428573 0.8965401785714284 0.049598214285714294 0.04959821428571422
0 0.1886830357142857 0.9412723214285714 0.04959821428571428 0.04959821428571434
0 0.46484375 0.46457589285714285 0.04959821428571434 0.04959821428571428
0 0.35723214285714283 0.4608258928571428 0.04964285714285716 0.04959821428571428
0 0.40189732142857143 0.4198437499999999 0.04959821428571428 0.04959821428571428
0 0.9940401785714286 0.8803348214285713 0.0029910714285713725 0.023616071428571393
0 0.14671875 0.8978794642857142 0.049598214285714294 0.04959821428571434
0 0.18337053571428572 0.9459151785714285 0.04959821428571428 0.04959821428571422
0 0.32667410714285716 0.7247544642857142 0.04959821428571428 0.04959821428571434
