1 0.8983258928571428 0.48953125 0.1944196428571429 0.19843749999999993
0 0.00609375 0.14953125 0.02111607142857143 0.04906250000000001
0 0.04743303571428571 0.1799330357142857 0.04959821428571428 0.04959821428571428
0 0.10354910714285714 0.2030803571428571 0.04959821428571428 0.04964285714285713
0 0.17203124999999997 0.40024553571428567 0.049598214285714315 0.04959821428571428
0 0.18796874999999996 0.5731919642857142 0.04959821428571428 0.04959821428571422
0 0.5215401785714285 0.9296205357142857 0.04959821428571428 0.04959821428571422
0 0.5984598214285715 0.7644866071428571 0.04959821428571434 0.04959821428571434
0 0.5762723214285713 0.7093080357142857 0.04959821428571422 0.04959821428571422
0 0.5491294642857142 0.6590848214285714 0.04959821428571428 0.04959821428571422
0 0.5274330357142857 0.6143080357142857 0.04959821428571428 0.04959821428571422
0 0.5066071428571428 0.5649776785714286 0.04964285714285716 0.04959821428571434
0 0.4835491071428571 0.5147544642857143 0.04959821428571428 0.04959821428571428
0 0.44962053571428573 0.46814732142857146 0.04959821428571428 0.04959821428571428
0 0.43104910714285716 0.40796874999999994 0.04959821428571428 0.04959821428571428
0 0.4143080357142857 0.35368303571428567 0.04959821428571428 0.04959821428571428
0 0.39484374999999994 0.30618303571428573 0.04959821428571428 0.04959821428571428
0 0.35640625000000004 0.2663616071428571 0.04959821428571428 0.04959821428571428
0 0.33513392857142854 0.21296874999999998 0.0496428571428571 0.04959821428571428
0 0.31975446428571425 0.15912946428571428 0.04959821428571434 0.049598214285714294
0 0.2971205357142857 0.10890625 0.04959821428571428 0.04959821428571428
0 0.27042410714285714 0.06185267857142857 0.049598214285714246 0.04959821428571428
0 0.24102678571428568 0.016205357142857143 0.04955357142857143 0.04133928571428571
0 0.19926339285714284 0.6890848214285715 0.04959821428571428 0.04959821428571422
0 0.20127232142857143 0.8979241071428571 0.04959821428571428 0.04959821428571422
