0 0.4250669642857143 0.0103125 0.04959821428571428 0.02955357142857143
0 0.5560937499999999 0.007767857142857143 0.04959821428571428 0.024464285714285716
0 0.4613169642857143 0.04926339285714285 0.04959821428571428 0.04959821428571428
0 0.6044196428571428 0.04801339285714285 0.04964285714285703 0.04959821428571428
0 0.6215848214285714 0.09125 0.04959821428571422 0.049642857142857134
0 0.6431919642857142 0.1408705357142857 0.04959821428571422 0.04959821428571428
0 0.5255580357142856 0.15359375 0.04959821428571428 0.04959821428571428
0 0.5624330357142857 0.20381696428571427 0.04959821428571422 0.04959821428571428
0 0.6288839285714286 0.5050669642857142 0.04964285714285716 0.04959821428571428
0 0.23620535714285712 0.8601116071428572 0.04964285714285713 0.04959821428571422
0 0.6642633928571429 0.35359375000000004 0.04959821428571422 0.04959821428571428
0 0.7929241071428571 0.35220982142857143 0.04959821428571422 0.04959821428571428
