0 0.65484375 0.007053571428571428 0.04941964285714282 0.023035714285714284
0 0.49587053571428563 0.09712053571428571 0.04959821428571428 0.04959821428571428
0 0.9028348214285714 0.31984375000000004 0.04959821428571422 0.04959821428571428
0 0.7960044642857143 0.31540178571428573 0.04959821428571434 0.0496428571428571
0 0.6999776785714286 0.5049107142857142 0.04959821428571422 0.0496428571428571
0 0.6128348214285714 0.4190625 0.04959821428571434 0.04964285714285716
0 0.8099776785714285 0.5812276785714285 0.04959821428571434 0.04959821428571428
0 0.6993080357142856 0.6339955357142856 0.04959821428571422 0.04959821428571422
0 0.7368526785714286 0.6906026785714285 0.04959821428571434 0.04959821428571434
0 0.8716741071428571 0.6848883928571429 0.04959821428571434 0.04959821428571422
0 0.7559151785714284 0.7433928571428572 0.04959821428571422 0.04964285714285716
0 0.8468526785714285 0.8896651785714285 0.04959821428571434 0.04959821428571434
0 0.8811830357142856 0.9475223214285714 0.04959821428571422 0.04959821428571434
0 0.9883035714285714 0.8807589285714286 0.014464285714285754 0.045089285714285686
0 0.9250892857142856 0.9855133928571428 0.04866071428571418 0.020044642857142896
0 0.9079241071428571 0.7897991071428572 0.04959821428571434 0.04959821428571422
0 0.25223214285714285 0.6494866071428572 0.04964285714285716 0.04959821428571422
