0 0.5574330357142857 0.2260267857142857 0.04959821428571422 0.04964285714285713
0 0.85484375 0.02464285714285714 0.04959821428571422 0.04964285714285714
0 0.7594866071428571 0.08799107142857143 0.04959821428571434 0.049642857142857134
0 0.7409598214285713 0.4952232142857143 0.04959821428571434 0.0496428571428571
0 0.7880133928571428 0.4647098214285714 0.04959821428571422 0.04959821428571428
0 0.8929464285714286 0.39729910714285716 0.04964285714285716 0.04959821428571428
0 0.9425669642857142 0.3622991071428571 0.04959821428571422 0.04959821428571428
0 0.1011830357142857 0.9280580357142856 0.04959821428571428 0.04959821428571422
0 0.1994642857142857 0.85203125 0.04964285714285716 0.04959821428571422
0 0.2977455357142857 0.7878348214285713 0.04959821428571428 0.04959821428571434
0 0.44582589285714286 0.9769196428571427 0.04959821428571428 0.03723214285714287
