0 0.9949107142857143 0.6121875 0.001250000000000005 0.015625
0 0.6137723214285714 0.5589955357142857 0.04959821428571422 0.04959821428571434
0 0.5546651785714286 0.5886830357142857 0.04959821428571434 0.04959821428571422
0 0.5037276785714285 0.6279687500000001 0.04959821428571428 0.04959821428571422
0 0.4568526785714286 0.6627008928571428 0.04959821428571428 0.04959821428571434
0 0.87890625 0.37314732142857143 0.04959821428571434 0.04959821428571428
0 0.9258928571428571 0.3352901785714285 0.04964285714285716 0.04959821428571428
0 0.9753571428571429 0.29381696428571424 0.04035714285714282 0.049598214285714315
0 0.6514955357142856 0.8537723214285714 0.04959821428571434 0.04959821428571434
0 0.6114955357142856 0.8903348214285713 0.04959821428571434 0.04959821428571434
