0 0.1268973214285714 0.14752232142857144 0.049598214285714266 0.049598214285714294
0 0.07613839285714286 0.18502232142857142 0.04959821428571428 0.04959821428571428
0 0.47783482142857137 0.2769866071428571 0.04959821428571428 0.049598214285714246
0 0.4206919642857143 0.31158482142857136 0.04959821428571428 0.04959821428571428
0 0.3561383928571429 0.35877232142857146 0.04959821428571428 0.04959821428571428
0 0.29640625000000004 0.3910937499999999 0.04959821428571428 0.04959821428571428
0 0.23037946428571426 0.4334151785714286 0.04959821428571428 0.04959821428571428
0 0.7936830357142857 0.08584821428571428 0.04959821428571434 0.049642857142857134
0 0.7397098214285713 0.10654017857142857 0.04959821428571434 0.049598214285714294
0 0.6706473214285714 0.1439285714285714 0.04959821428571434 0.04964285714285713
0 0.8555133928571428 0.03908482142857143 0.04959821428571422 0.04959821428571428
0 0.9047098214285714 0.18542410714285712 0.04959821428571434 0.049598214285714315
0 0.0016517857142857146 0.5813839285714286 0.012232142857142858 0.0427678571428572
0 0.5432812499999999 0.2395535714285714 0.04959821428571428 0.04964285714285713
0 0.6382812499999999 0.36587053571428574 0.04959821428571434 0.04959821428571428
0 0.47957589285714286 0.4671651785714286 0.04959821428571428 0.04959821428571428
0 0.7395535714285714 0.3022098214285714 0.04964285714285716 0.04959821428571428
0 0.9243973214285713 0.00997767857142857 0.04959821428571434 0.028883928571428567
