0 0.1175 0.9892410714285714 0.043125 0.012589285714285683
0 0.1662723214285714 0.9653571428571428 0.04959821428571428 0.04964285714285716
0 0.21136160714285712 0.9373437499999999 0.04959821428571428 0.04959821428571434
0 0.6268973214285715 0.6475223214285715 0.04959821428571422 0.04959821428571422
0 0.5761383928571429 0.6850223214285713 0.04959821428571434 0.04959821428571434
0 0.3877008928571428 0.815 0.04959821428571428 0.04964285714285716
0 0.3410491071428572 0.8418526785714284 0.04959821428571428 0.04959821428571422
0 0.9742857142857143 0.7769866071428572 0.042500000000000045 0.04959821428571422
0 0.9206919642857143 0.8115848214285715 0.04959821428571422 0.04959821428571422
0 0.8561383928571429 0.8587723214285714 0.04959821428571434 0.04959821428571422
0 0.7964062499999999 0.89109375 0.04959821428571422 0.04959821428571422
0 0.7303794642857143 0.9334151785714284 0.04959821428571422 0.04959821428571422
0 0.97515625 0.9671651785714285 0.04075892857142855 0.04959821428571422
