0 0.21475446428571426 0.3375669642857143 0.04959821428571428 0.04959821428571428
0 0.24421874999999998 0.37680803571428567 0.04959821428571428 0.04959821428571428
0 0.2738616071428571 0.42752232142857133 0.049598214285714315 0.04959821428571428
0 0.3053794642857143 0.4683928571428571 0.049598214285714246 0.04964285714285716
0 0.32390625 0.5179464285714285 0.04959821428571428 0.04964285714285716
0 0.3514508928571428 0.5627901785714285 0.04959821428571428 0.04959821428571428
0 0.3902901785714286 0.6103348214285714 0.04959821428571428 0.04959821428571434
0 0.4163616071428571 0.6604687499999999 0.04959821428571428 0.04959821428571434
0 0.46424107142857146 0.6889062499999999 0.0496428571428571 0.04959821428571434
0 0.4874330357142857 0.7443080357142856 0.04959821428571428 0.04959821428571434
0 0.06441964285714286 0.10265625 0.049642857142857134 0.04959821428571428
0 0.9723214285714286 0.8966741071428572 0.04642857142857145 0.04959821428571422
0 0.25497767857142856 0.3750223214285714 0.04959821428571428 0.04959821428571428
0 0.2094866071428571 0.3444419642857143 0.04959821428571428 0.04959821428571428
0 0.3019866071428572 0.47100446428571424 0.04959821428571428 0.04959821428571428
