1 0.9952901785714285 0.995267857142857 0.0004910714285714894 0.000535714285714306
0 0.5495758928571428 0.1246205357142857 0.04959821428571428 0.04959821428571428
0 0.5036830357142856 0.15220982142857142 0.04959821428571428 0.04959821428571428
0 0.8509151785714286 0.12053571428571427 0.04959821428571422 0.04964285714285714
0 0.9290848214285714 0.2636160714285714 0.04959821428571422 0.04964285714285713
0 0.3493080357142857 0.6606919642857143 0.04959821428571428 0.04959821428571434
0 0.6649330357142856 0.703125 0.04959821428571434 0.04964285714285716
0 0.7312276785714286 0.7834598214285714 0.04959821428571422 0.04959821428571434
0 0.7285937499999999 0.8961383928571429 0.04959821428571422 0.04959821428571422
0 0.6543526785714285 0.79140625 0.04959821428571422 0.04959821428571434
