0 0.013080357142857144 0.8807366071428571 0.03508928571428571 0.04959821428571434
0 0.056093750000000005 0.98296875 0.04959821428571429 0.02513392857142855
0 0.24560267857142856 0.8483258928571429 0.04959821428571428 0.04959821428571434
0 0.3155580357142857 0.9672544642857144 0.04959821428571428 0.04959821428571422
0 0.18345982142857142 0.16171875 0.04959821428571428 0.04959821428571428
0 0.2500669642857143 0.26207589285714283 0.04959821428571428 0.049598214285714315
0 0.37328125 0.4429241071428571 0.04959821428571428 0.04959821428571428
0 0.45872767857142854 0.5651116071428571 0.04959821428571428 0.04959821428571422
0 0.5362276785714286 0.6803794642857143 0.04959821428571428 0.04959821428571434
0 0.6276562499999999 0.819486607142857 0.04959821428571434 0.04959821428571434
