1 0.9329241071428571 0.07022321428571428 0.12522321428571434 0.149375
0 0.07600446428571428 0.08729910714285714 0.04959821428571427 0.04959821428571428
0 0.139375 0.19725446428571428 0.04964285714285714 0.04959821428571428
0 0.06167410714285715 0.42198660714285713 0.04959821428571429 0.04959821428571428
0 0.330625 0.4865401785714286 0.04964285714285716 0.04959821428571428
0 0.5230580357142857 0.16258928571428571 0.04959821428571428 0.04964285714285713
0 0.5517633928571428 0.20801339285714285 0.04959821428571428 0.04959821428571428
0 0.5505580357142856 0.8092633928571429 0.04959821428571428 0.04959821428571434
0 0.4931919642857142 0.7256026785714285 0.04959821428571428 0.04959821428571434
0 0.6916294642857143 0.7016741071428572 0.04959821428571422 0.04959821428571422
0 0.7489955357142857 0.7901339285714286 0.04959821428571434 0.04964285714285716
