0 0.06037946428571428 0.37386160714285716 0.04959821428571427 0.04959821428571428
0 0.2600223214285714 0.23801339285714285 0.04959821428571428 0.04959821428571428
0 0.3958258928571428 0.1511830357142857 0.04959821428571428 0.049598214285714294
0 0.47783482142857137 0.08082589285714285 0.04959821428571428 0.04959821428571428
0 0.52640625 0.059933035714285716 0.04959821428571428 0.04959821428571429
0 0.575111607142857 0.035825892857142855 0.04959821428571428 0.04959821428571428
0 0.6174999999999999 0.014040178571428568 0.0495535714285714 0.03700892857142857
0 0.27890624999999997 0.5636830357142856 0.04959821428571428 0.04959821428571428
0 0.31854910714285706 0.5386383928571429 0.04959821428571428 0.04959821428571428
0 0.40979910714285706 0.4731026785714285 0.04959821428571428 0.04959821428571428
0 0.45930803571428563 0.44310267857142854 0.04959821428571428 0.04959821428571428
0 0.5414508928571428 0.3860491071428571 0.04959821428571428 0.04959821428571428
0 0.9768526785714285 0.08136160714285715 0.03736607142857145 0.04959821428571429
0 0.8250223214285715 0.21685267857142856 0.04959821428571434 0.04959821428571428
0 0.7842187500000001 0.2483705357142857 0.04959821428571422 0.04959821428571428
0 0.8766294642857143 0.18381696428571426 0.04959821428571422 0.04959821428571428
0 0.582924107142857 0.3512276785714286 0.04959821428571428 0.04959821428571428
0 0.49020089285714286 0.41662946428571423 0.04959821428571428 0.04959821428571428
0 0.21042410714285711 0.25926339285714284 0.04959821428571428 0.049598214285714246
