1 0.8434375 0.1728348214285714 0.19839285714285712 0.1984375
0 0.21475446428571426 0.8375669642857143 0.04959821428571428 0.04959821428571422
0 0.24421874999999998 0.8768080357142857 0.04959821428571428 0.04959821428571434
0 0.2738616071428571 0.9275223214285713 0.049598214285714315 0.04959821428571422
0 0.3053794642857143 0.9683928571428572 0.049598214285714246 0.04964285714285703
0 0.32390625 0.9943303571428572 0.02120535714285714 0.00241071428571425
0 0.06441964285714286 0.60265625 0.049642857142857134 0.04959821428571434
0 0.25497767857142856 0.8750223214285714 0.04959821428571428 0.04959821428571434
0 0.2094866071428571 0.8444419642857143 0.04959821428571428 0.04959821428571434
0 0.3019866071428572 0.9708705357142856 0.04959821428571428 0.04933035714285719
