0 0.34305803571428567 0.98375 0.049508928571428586 0.023571428571428577
0 0.30908482142857147 0.9550223214285715 0.04959821428571428 0.04959821428571422
0 0.2532366071428571 0.8564508928571428 0.04959821428571428 0.04959821428571434
0 0.2284598214285714 0.8073883928571429 0.04959821428571428 0.04959821428571422
0 0.8747544642857142 0.9883705357142856 0.04495535714285711 0.014330357142857178
0 0.015044642857142857 0.24104910714285713 0.03901785714285714 0.04959821428571428
0 0.15636160714285713 0.2593526785714286 0.04959821428571428 0.049598214285714315
0 0.19761160714285714 0.23087053571428573 0.04959821428571428 0.049598214285714315
0 0.2500669642857143 0.19520089285714284 0.04959821428571428 0.04959821428571428
0 0.5387723214285715 0.3327008928571429 0.04959821428571428 0.04959821428571428
0 0.4231919642857142 0.39837053571428577 0.04959821428571428 0.04959821428571428
0 0.8992410714285715 0.07046875 0.04964285714285716 0.04959821428571428
0 0.8172544642857142 0.12953125 0.04959821428571434 0.04959821428571428
