0 0.8270758928571428 0.40133928571428573 0.04959821428571422 0.0496428571428571
0 0.51453125 0.3377008928571429 0.04959821428571428 0.04959821428571428
0 0.16428571428571426 0.9909374999999999 0.03848214285714285 0.009196428571428581
0 0.4768080357142857 0.6427455357142856 0.04959821428571428 0.04959821428571434
0 0.13515624999999998 0.43332589285714285 0.04959821428571428 0.04959821428571428
0 0.7856473214285714 0.79796875 0.04959821428571422 0.04959821428571434
0 0.72265625 0.7903571428571428 0.04959821428571434 0.04964285714285716
0 0.5662946428571428 0.8643973214285714 0.0496428571428571 0.04959821428571434
0 0.8497544642857142 0.24189732142857143 0.04959821428571434 0.04959821428571428
0 0.08694196428571428 0.8850669642857142 0.04959821428571429 0.04959821428571434
