0 0.047075892857142865 0.2598883928571428 0.04959821428571429 0.04959821428571428
0 0.13874999999999998 0.19895089285714285 0.04964285714285714 0.04959821428571428
0 0.24430803571428572 0.46761160714285716 0.04959821428571428 0.04959821428571428
0 0.07091517857142858 0.5825223214285714 0.04959821428571429 0.04959821428571422
0 0.0196875 0.6121651785714285 0.048303571428571425 0.04959821428571434
0 0.5568973214285714 0.24622767857142858 0.04959821428571434 0.04959821428571428
0 0.31609375 0.42171875 0.04959821428571428 0.04959821428571428
0 0.00015624999999999962 0.29381696428571424 0.009241071428571427 0.03861607142857142
0 0.1672098214285714 0.7858482142857143 0.04959821428571428 0.04964285714285716
0 0.12752232142857142 0.5508258928571428 0.049598214285714266 0.04959821428571428
