1 0.42002232142857143 0.9884598214285715 0.10209821428571424 0.014151785714285658
0 0.015625 0.5909598214285714 0.040178571428571425 0.04959821428571434
0 0.043459821428571424 0.6385491071428571 0.04959821428571428 0.04959821428571434
0 0.34305803571428567 0.4967633928571429 0.04959821428571428 0.04959821428571428
0 0.30908482142857147 0.45502232142857146 0.04959821428571428 0.04959821428571428
0 0.2532366071428571 0.3564508928571428 0.04959821428571428 0.04959821428571428
0 0.2284598214285714 0.3073883928571428 0.04959821428571428 0.04959821428571428
0 0.06823660714285713 0.6880803571428571 0.04959821428571428 0.04964285714285716
0 0.2503125 0.9085491071428571 0.04964285714285716 0.04959821428571422
0 0.16921875 0.8031473214285714 0.04959821428571428 0.04959821428571434
0 0.20662946428571427 0.8531919642857143 0.049598214285714315 0.04959821428571422
0 0.1357142857142857 0.7691741071428572 0.04964285714285714 0.04959821428571422
0 0.1046205357142857 0.7351785714285715 0.04959821428571428 0.04964285714285716
0 0.42270089285714285 0.7939508928571428 0.04959821428571428 0.04959821428571434
0 0.48046875 0.7526562499999999 0.04959821428571434 0.04959821428571434
0 0.8155133928571429 0.5399776785714286 0.04959821428571422 0.04959821428571428
0 0.8747544642857142 0.5060044642857142 0.04959821428571434 0.04959821428571428
0 0.5735044642857142 0.6911383928571428 0.04959821428571434 0.04959821428571434
0 0.6257366071428572 0.6616294642857142 0.04959821428571422 0.04959821428571422
