1 0.8984151785714285 0.04214285714285714 0.1942410714285714 0.09321428571428571
0 0.18796874999999996 0.07319196428571428 0.04959821428571428 0.04959821428571428
0 0.5215401785714285 0.42962053571428577 0.04959821428571428 0.04959821428571428
0 0.5984598214285715 0.2644866071428571 0.04959821428571434 0.04959821428571428
0 0.5762723214285713 0.2093080357142857 0.04959821428571422 0.04959821428571428
0 0.5491294642857142 0.15908482142857142 0.04959821428571428 0.04959821428571428
0 0.5274330357142857 0.11430803571428569 0.04959821428571428 0.049598214285714266
0 0.5066071428571428 0.06497767857142857 0.04964285714285716 0.04959821428571428
0 0.4835267857142857 0.017544642857142856 0.0495535714285714 0.044017857142857136
0 0.19926339285714284 0.18908482142857141 0.04959821428571428 0.04959821428571428
0 0.20127232142857143 0.3979241071428571 0.04959821428571428 0.04959821428571428
