0 0.5470758928571428 0.2598883928571428 0.04959821428571428 0.04959821428571428
0 0.6387499999999999 0.19895089285714285 0.04964285714285703 0.04959821428571428
0 0.7443080357142856 0.46761160714285716 0.04959821428571434 0.04959821428571428
0 0.5709151785714285 0.5825223214285714 0.04959821428571428 0.04959821428571422
0 0.5190625 0.6121651785714285 0.04964285714285716 0.04959821428571434
0 0.81609375 0.42171875 0.04959821428571434 0.04959821428571428
0 0.11377232142857142 0.5589955357142857 0.04959821428571428 0.04959821428571434
0 0.05466517857142857 0.5886830357142857 0.04959821428571428 0.04959821428571422
0 0.012031249999999999 0.6279687500000001 0.032991071428571425 0.04959821428571422
0 0.37890625 0.37314732142857143 0.04959821428571434 0.04959821428571428
0 0.42589285714285713 0.3352901785714285 0.0496428571428571 0.04959821428571428
0 0.4799776785714285 0.29381696428571424 0.04959821428571428 0.049598214285714315
0 0.15149553571428573 0.8537723214285714 0.049598214285714294 0.04959821428571434
0 0.11149553571428572 0.8903348214285713 0.04959821428571428 0.04959821428571434
0 0.6672098214285713 0.7858482142857143 0.04959821428571422 0.04964285714285716
0 0.6275223214285713 0.5508258928571428 0.04959821428571434 0.04959821428571428
