0 0.19995535714285717 0.012611607142857143 0.04955357142857143 0.03415178571428571
0 0.30997767857142855 0.08122767857142857 0.04959821428571428 0.04959821428571428
0 0.1993080357142857 0.1339955357142857 0.04959821428571428 0.04959821428571428
0 0.23685267857142855 0.19060267857142857 0.04959821428571428 0.04959821428571428
0 0.3716741071428571 0.18488839285714284 0.04959821428571428 0.04959821428571428
0 0.2559151785714286 0.2433928571428571 0.04959821428571428 0.04964285714285713
0 0.34685267857142854 0.3896651785714285 0.04959821428571428 0.04959821428571428
0 0.38118303571428563 0.4475223214285714 0.04959821428571428 0.04959821428571428
0 0.5058482142857142 0.3807366071428571 0.04964285714285716 0.04959821428571428
0 0.4250669642857143 0.5003124999999999 0.04959821428571428 0.0496428571428571
0 0.5560937499999999 0.4952232142857143 0.04959821428571428 0.0496428571428571
0 0.4613169642857143 0.5492633928571428 0.04959821428571428 0.04959821428571428
0 0.6044196428571428 0.5480133928571428 0.04964285714285703 0.04959821428571428
0 0.6215848214285714 0.5912499999999999 0.04959821428571422 0.04964285714285716
0 0.6431919642857142 0.6408705357142858 0.04959821428571422 0.04959821428571434
0 0.5255580357142856 0.65359375 0.04959821428571428 0.04959821428571434
0 0.5624330357142857 0.7038169642857143 0.04959821428571422 0.04959821428571434
0 0.7456026785714285 0.3483258928571429 0.04959821428571422 0.04959821428571428
0 0.8155580357142856 0.4672544642857142 0.04959821428571434 0.04959821428571428
0 0.4079241071428571 0.2897991071428571 0.04959821428571434 0.04959821428571428
0 0.9587276785714285 0.06511160714285714 0.04959821428571434 0.04959821428571429
0 0.6288839285714286 0.9879017857142858 0.04580357142857139 0.015267857142857087
0 0.6642633928571429 0.8535937499999999 0.04959821428571422 0.04959821428571422
0 0.7929241071428571 0.8522098214285713 0.04959821428571422 0.04959821428571422
