1 0.42002232142857143 0.5806026785714286 0.1984375 0.1984375
0 0.015625 0.09095982142857142 0.040178571428571425 0.04959821428571428
0 0.043459821428571424 0.13854910714285715 0.04959821428571428 0.049598214285714294
0 0.34305803571428567 0.008549107142857143 0.04959821428571428 0.026026785714285714
0 0.06823660714285713 0.18808035714285712 0.04959821428571428 0.04964285714285713
0 0.2503125 0.4085491071428571 0.04964285714285716 0.04959821428571428
0 0.16921875 0.3031473214285714 0.04959821428571428 0.049598214285714246
0 0.20662946428571427 0.3531919642857143 0.049598214285714315 0.04959821428571428
0 0.1357142857142857 0.2691741071428571 0.04964285714285714 0.049598214285714246
0 0.1046205357142857 0.2351785714285714 0.04959821428571428 0.04964285714285716
0 0.42270089285714285 0.2939508928571428 0.04959821428571428 0.049598214285714315
0 0.48046875 0.25265624999999997 0.04959821428571434 0.04959821428571428
0 0.8155133928571429 0.03997767857142857 0.04959821428571422 0.04959821428571428
0 0.8747544642857142 0.013147321428571427 0.04959821428571434 0.03522321428571428
0 0.5735044642857142 0.19113839285714285 0.04959821428571434 0.04959821428571428
0 0.6257366071428572 0.16162946428571426 0.04959821428571422 0.04959821428571428
