1 0.8983258928571428 0.9429241071428571 0.1944196428571429 0.10522321428571425
0 0.00609375 0.64953125 0.02111607142857143 0.04906250000000004
0 0.04743303571428571 0.6799330357142858 0.04959821428571428 0.04959821428571434
0 0.10354910714285714 0.7030803571428571 0.04959821428571428 0.04964285714285716
0 0.17203124999999997 0.9002455357142857 0.049598214285714315 0.04959821428571434
0 0.4835267857142857 0.9927455357142857 0.031339285714285695 0.005580357142857142
0 0.44962053571428573 0.9681473214285714 0.04959821428571428 0.04959821428571422
0 0.43104910714285716 0.9079687499999999 0.04959821428571428 0.04959821428571422
0 0.4143080357142857 0.8536830357142856 0.04959821428571428 0.04959821428571434
0 0.39484374999999994 0.8061830357142856 0.04959821428571428 0.04959821428571422
0 0.35640625000000004 0.7663616071428572 0.04959821428571428 0.04959821428571422
0 0.33513392857142854 0.7129687499999999 0.0496428571428571 0.04959821428571422
0 0.31975446428571425 0.6591294642857142 0.04959821428571434 0.04959821428571422
0 0.2971205357142857 0.6089062499999999 0.04959821428571428 0.04959821428571422
0 0.27042410714285714 0.5618526785714285 0.049598214285714246 0.04959821428571428
0 0.24102678571428568 0.5120758928571428 0.04964285714285713 0.04959821428571428
0 0.22381696428571426 0.4605133928571428 0.04959821428571428 0.04959821428571428
0 0.1804017857142857 0.41752232142857143 0.04964285714285713 0.04959821428571428
0 0.5527455357142856 0.29899553571428567 0.04959821428571428 0.04959821428571428
0 0.4460044642857143 0.31462053571428567 0.04959821428571428 0.04959821428571428
