0 0.845736607142857 0.38843749999999994 0.04959821428571434 0.0496428571428571
0 0.91921875 0.6534151785714286 0.04959821428571434 0.04959821428571422
0 0.8327678571428571 0.6245758928571429 0.04964285714285716 0.04959821428571434
0 0.21676339285714286 0.8368526785714284 0.04959821428571428 0.04959821428571422
0 0.2609598214285714 0.807299107142857 0.049598214285714315 0.04959821428571422
0 0.30390625 0.7691741071428572 0.049598214285714246 0.04959821428571422
0 0.7813169642857142 0.543861607142857 0.04959821428571422 0.04959821428571428
0 0.9490401785714284 0.3695758928571428 0.04959821428571422 0.04959821428571428
0 0.41207589285714286 0.3860491071428571 0.04959821428571428 0.04959821428571428
0 0.6346428571428571 0.2358705357142857 0.04964285714285716 0.04959821428571428
0 0.34392857142857136 0.7372991071428571 0.0496428571428571 0.04959821428571434
