0 0.6999553571428572 0.012611607142857143 0.0495535714285714 0.03415178571428571
0 0.8099776785714285 0.08122767857142857 0.04959821428571434 0.04959821428571428
0 0.6993080357142856 0.1339955357142857 0.04959821428571422 0.04959821428571428
0 0.7368526785714286 0.19060267857142857 0.04959821428571434 0.04959821428571428
0 0.8716741071428571 0.18488839285714284 0.04959821428571434 0.04959821428571428
0 0.7559151785714284 0.2433928571428571 0.04959821428571422 0.04964285714285713
0 0.8468526785714285 0.3896651785714285 0.04959821428571434 0.04959821428571428
0 0.8811830357142856 0.4475223214285714 0.04959821428571422 0.04959821428571428
0 0.9883035714285714 0.3807589285714285 0.014464285714285754 0.04508928571428575
0 0.9250669642857142 0.5003124999999999 0.04959821428571434 0.0496428571428571
0 0.9613169642857141 0.5492633928571428 0.04959821428571422 0.04959821428571428
0 0.9079241071428571 0.2897991071428571 0.04959821428571434 0.04959821428571428
0 0.25223214285714285 0.14948660714285714 0.04964285714285716 0.04959821428571428
