1 0.5677678571428572 0.979642857142857 0.14544642857142856 0.031785714285714306
0 0.04957589285714285 0.1246205357142857 0.04959821428571428 0.04959821428571428
0 0.01200892857142857 0.15220982142857142 0.03294642857142857 0.04959821428571428
0 0.3509151785714285 0.12053571428571427 0.04959821428571428 0.04964285714285714
0 0.42908482142857146 0.2636160714285714 0.04959821428571428 0.04964285714285713
0 0.7828348214285714 0.22939732142857142 0.04959821428571422 0.04959821428571428
0 0.16493303571428572 0.703125 0.04959821428571428 0.04964285714285716
0 0.23122767857142856 0.7834598214285714 0.04959821428571428 0.04959821428571434
0 0.22859374999999998 0.8961383928571429 0.04959821428571428 0.04959821428571422
0 0.15435267857142856 0.79140625 0.049598214285714294 0.04959821428571434
