0 0.9485491071428571 0.8081919642857143 0.04959821428571434 0.04959821428571434
0 0.9883482142857142 0.7765624999999999 0.014374999999999994 0.045000000000000054
0 0.6572321428571428 0.9826785714285714 0.04955357142857153 0.025714285714285672
0 0.28591517857142856 0.9690401785714285 0.049598214285714246 0.04959821428571434
0 0.34459821428571424 0.9248883928571429 0.04964285714285716 0.04959821428571422
0 0.7275669642857142 0.1753348214285714 0.04959821428571434 0.04959821428571428
0 0.9218080357142857 0.5228348214285714 0.04959821428571422 0.04959821428571428
0 0.8152901785714285 0.6011830357142858 0.04959821428571434 0.04959821428571422
0 0.6534151785714286 0.7202455357142856 0.04959821428571422 0.04959821428571422
0 0.44765625 0.8570312499999999 0.04959821428571428 0.04959821428571434
0 0.12390625000000001 0.8465848214285714 0.049598214285714294 0.04959821428571422
0 0.16136160714285716 0.15149553571428573 0.049598214285714294 0.049598214285714294
0 0.30529017857142854 0.05930803571428571 0.04959821428571428 0.04959821428571428
