0 0.5967187500000001 0.74828125 0.04959821428571422 0.04959821428571422
0 0.8477008928571428 0.8031919642857144 0.04959821428571422 0.04959821428571422
0 0.87046875 0.8489508928571429 0.04959821428571422 0.04959821428571422
0 0.43229910714285713 0.9628794642857142 0.04959821428571428 0.04959821428571434
0 0.9366294642857143 0.9467633928571427 0.04959821428571434 0.04959821428571422
0 0.8804241071428571 0.33524553571428567 0.04959821428571434 0.04959821428571428
0 0.9196205357142857 0.30520089285714286 0.04959821428571434 0.04959821428571428
0 0.9623883928571427 0.27109374999999997 0.04959821428571422 0.04959821428571428
0 0.9902455357142856 0.24104910714285713 0.010580357142857162 0.040669642857142856
0 0.6925223214285714 0.5755580357142858 0.04959821428571434 0.04959821428571422
0 0.7811383928571428 0.7145535714285713 0.04959821428571434 0.04964285714285716
0 0.47587053571428567 0.5584151785714285 0.04959821428571428 0.04959821428571422
0 0.49573660714285706 0.6118526785714286 0.04959821428571428 0.04959821428571434
0 0.5328794642857143 0.6512723214285714 0.04959821428571428 0.04959821428571422
