1 0.9820535714285714 0.5629910714285714 0.026964285714285677 0.13598214285714288
0 0.18662946428571428 0.8158705357142857 0.04959821428571428 0.04959821428571434
0 0.05316964285714285 0.6221651785714286 0.049642857142857134 0.04959821428571422
0 0.19372767857142859 0.8181919642857143 0.04959821428571428 0.04959821428571434
0 0.05508928571428571 0.6290401785714286 0.04964285714285713 0.04959821428571434
0 0.3493080357142857 0.16069196428571428 0.04959821428571428 0.049598214285714266
0 0.6649330357142856 0.203125 0.04959821428571434 0.04964285714285716
0 0.7312276785714286 0.28345982142857146 0.04959821428571422 0.04959821428571428
0 0.7285937499999999 0.3961383928571429 0.04959821428571422 0.04959821428571428
0 0.6543526785714285 0.29140625000000003 0.04959821428571422 0.04959821428571428
0 0.4953125 0.8141741071428571 0.04964285714285716 0.04959821428571434
0 0.5239508928571429 0.8637723214285714 0.04959821428571428 0.04959821428571422
