0 0.1268973214285714 0.6475223214285715 0.049598214285714266 0.04959821428571422
0 0.07613839285714286 0.6850223214285713 0.04959821428571428 0.04959821428571434
0 0.47783482142857137 0.7769866071428572 0.04959821428571428 0.04959821428571422
0 0.4206919642857143 0.8115848214285715 0.04959821428571428 0.04959821428571422
0 0.3561383928571429 0.8587723214285714 0.04959821428571428 0.04959821428571422
0 0.29640625000000004 0.89109375 0.04959821428571428 0.04959821428571422
0 0.23037946428571426 0.9334151785714284 0.04959821428571428 0.04959821428571422
0 0.7936830357142857 0.5858482142857142 0.04959821428571434 0.0496428571428571
0 0.7397098214285713 0.6065401785714286 0.04959821428571434 0.04959821428571422
0 0.6706473214285714 0.6439285714285714 0.04959821428571434 0.04964285714285716
0 0.8555133928571428 0.5390848214285714 0.04959821428571422 0.04959821428571428
0 0.9769196428571427 0.44296874999999997 0.03723214285714287 0.04959821428571428
0 0.9047098214285714 0.6854241071428571 0.04959821428571434 0.04959821428571434
0 0.5432812499999999 0.7395535714285714 0.04959821428571428 0.04964285714285716
0 0.6382812499999999 0.8658705357142856 0.04959821428571434 0.04959821428571422
0 0.47957589285714286 0.9671651785714285 0.04959821428571428 0.04959821428571422
0 0.7395535714285714 0.8022098214285713 0.04964285714285716 0.04959821428571434
0 0.9243973214285713 0.49962053571428566 0.04959821428571434 0.04959821428571428
