0 0.013080357142857144 0.3807366071428571 0.03508928571428571 0.04959821428571428
0 0.056093750000000005 0.4952232142857143 0.04959821428571429 0.0496428571428571
0 0.10441964285714285 0.5480133928571428 0.04964285714285714 0.04959821428571428
0 0.12158482142857142 0.5912499999999999 0.04959821428571428 0.04964285714285716
0 0.1431919642857143 0.6408705357142858 0.049598214285714294 0.04959821428571434
0 0.02555803571428571 0.65359375 0.04959821428571428 0.04959821428571434
0 0.06243303571428571 0.7038169642857143 0.04959821428571428 0.04959821428571434
0 0.24560267857142856 0.3483258928571429 0.04959821428571428 0.04959821428571428
0 0.3155580357142857 0.4672544642857142 0.04959821428571428 0.04959821428571428
0 0.45872767857142854 0.06511160714285714 0.04959821428571428 0.04959821428571429
0 0.5362276785714286 0.18037946428571427 0.04959821428571428 0.04959821428571428
0 0.6276562499999999 0.3194866071428571 0.04959821428571434 0.04959821428571428
0 0.12888392857142855 0.9879017857142858 0.04580357142857143 0.015267857142857087
0 0.16426339285714286 0.8535937499999999 0.04959821428571428 0.04959821428571422
0 0.29292410714285716 0.8522098214285713 0.04959821428571428 0.04959821428571422
