0 0.15484375 0.007053571428571428 0.049419642857142856 0.023035714285714284
0 0.008102678571428571 0.09712053571428571 0.02513392857142857 0.04959821428571428
0 0.40283482142857147 0.31984375000000004 0.04959821428571428 0.04959821428571428
0 0.2960044642857143 0.31540178571428573 0.04959821428571428 0.0496428571428571
0 0.19997767857142856 0.5049107142857142 0.04959821428571428 0.0496428571428571
0 0.11283482142857142 0.4190625 0.04959821428571428 0.04964285714285716
0 0.30997767857142855 0.5812276785714285 0.04959821428571428 0.04959821428571428
0 0.1993080357142857 0.6339955357142856 0.04959821428571428 0.04959821428571422
0 0.23685267857142855 0.6906026785714285 0.04959821428571428 0.04959821428571434
0 0.3716741071428571 0.6848883928571429 0.04959821428571428 0.04959821428571422
0 0.2559151785714286 0.7433928571428572 0.04959821428571428 0.04964285714285716
0 0.34685267857142854 0.8896651785714285 0.04959821428571428 0.04959821428571434
0 0.38118303571428563 0.9475223214285714 0.04959821428571428 0.04959821428571434
0 0.5058482142857142 0.8807366071428571 0.04964285714285716 0.04959821428571434
0 0.42508928571428567 0.9855133928571428 0.04866071428571431 0.020044642857142896
0 0.5560937499999999 0.98296875 0.04959821428571428 0.02513392857142855
0 0.7456026785714285 0.8483258928571429 0.04959821428571422 0.04959821428571434
0 0.8155580357142856 0.9672544642857144 0.04959821428571434 0.04959821428571422
0 0.4079241071428571 0.7897991071428572 0.04959821428571434 0.04959821428571422
0 0.6834598214285714 0.16171875 0.04959821428571434 0.04959821428571428
0 0.7500669642857142 0.26207589285714283 0.04959821428571422 0.049598214285714315
0 0.87328125 0.4429241071428571 0.04959821428571422 0.04959821428571428
0 0.9587276785714285 0.5651116071428571 0.04959821428571434 0.04959821428571422
