0 0.5709151785714285 0.08252232142857142 0.04959821428571428 0.04959821428571428
0 0.5190625 0.11216517857142856 0.04964285714285716 0.04959821428571428
0 0.11377232142857142 0.05899553571428571 0.04959821428571428 0.04959821428571428
0 0.05466517857142857 0.08868303571428572 0.04959821428571428 0.04959821428571429
0 0.012031249999999999 0.12796875 0.032991071428571425 0.04959821428571428
0 0.15149553571428573 0.35377232142857146 0.049598214285714294 0.04959821428571428
0 0.11149553571428572 0.3903348214285714 0.04959821428571428 0.04959821428571428
0 0.3097098214285714 0.5242187500000001 0.04959821428571434 0.04959821428571428
0 0.6672098214285713 0.2858482142857143 0.04959821428571422 0.04964285714285716
0 0.6275223214285713 0.05082589285714286 0.04959821428571434 0.04959821428571429
