0 0.06037946428571428 0.8738616071428571 0.04959821428571427 0.04959821428571434
0 0.2600223214285714 0.7380133928571428 0.04959821428571428 0.04959821428571434
0 0.3958258928571428 0.6511830357142857 0.04959821428571428 0.04959821428571422
0 0.47783482142857137 0.5808258928571428 0.04959821428571428 0.04959821428571428
0 0.52640625 0.5599330357142857 0.04959821428571428 0.04959821428571422
0 0.575111607142857 0.5358258928571429 0.04959821428571428 0.04959821428571428
0 0.6174776785714285 0.5077455357142857 0.04959821428571434 0.04959821428571428
0 0.6662723214285714 0.46535714285714286 0.04959821428571434 0.0496428571428571
0 0.7113616071428571 0.43734375 0.04959821428571434 0.04959821428571428
0 0.8877008928571428 0.315 0.04959821428571434 0.04964285714285716
0 0.841049107142857 0.3418526785714285 0.04959821428571422 0.04959821428571428
0 0.40979910714285706 0.9719196428571427 0.04959821428571428 0.04723214285714291
0 0.45930803571428563 0.9431026785714285 0.04959821428571428 0.04959821428571434
0 0.5414508928571428 0.8860491071428571 0.04959821428571428 0.04959821428571434
0 0.9768526785714285 0.5813616071428571 0.03736607142857145 0.04959821428571428
0 0.8250223214285715 0.7168526785714284 0.04959821428571434 0.04959821428571422
0 0.7842187500000001 0.7483705357142856 0.04959821428571422 0.04959821428571422
0 0.8766294642857143 0.6838169642857143 0.04959821428571422 0.04959821428571422
0 0.582924107142857 0.8512276785714286 0.04959821428571428 0.04959821428571422
0 0.49020089285714286 0.9166294642857142 0.04959821428571428 0.04959821428571422
0 0.21042410714285711 0.7592633928571427 0.04959821428571428 0.04959821428571422
