0 0.5967187500000001 0.24828125 0.04959821428571422 0.04959821428571428
0 0.8477008928571428 0.3031919642857142 0.04959821428571422 0.04959821428571428
0 0.87046875 0.3489508928571428 0.04959821428571422 0.04959821428571428
0 0.5063169642857143 0.6153348214285713 0.04959821428571428 0.04959821428571422
0 0.43229910714285713 0.46287946428571425 0.04959821428571428 0.04959821428571428
0 0.48314732142857136 0.566049107142857 0.04959821428571428 0.04959821428571428
0 0.8086383928571428 0.5698437499999999 0.04959821428571422 0.04959821428571422
0 0.9269196428571428 0.74296875 0.04964285714285716 0.04959821428571422
0 0.9366294642857143 0.4467633928571428 0.04959821428571434 0.04959821428571428
0 0.9908258928571427 0.5909598214285714 0.009419642857142918 0.03888392857142848
0 0.6925223214285714 0.07555803571428571 0.04959821428571434 0.04959821428571429
0 0.7811383928571428 0.21455357142857143 0.04959821428571434 0.04964285714285713
0 0.47587053571428567 0.05841517857142857 0.04959821428571428 0.04959821428571429
0 0.49573660714285706 0.11185267857142857 0.04959821428571428 0.04959821428571428
0 0.5328794642857143 0.15127232142857142 0.04959821428571428 0.04959821428571428
