0 0.00796875 0.15520089285714286 0.02486607142857143 0.04959821428571428
0 0.04448660714285714 0.16497767857142856 0.04959821428571428 0.04959821428571428
0 0.1052455357142857 0.15314732142857143 0.04959821428571428 0.04959821428571428
0 0.1577455357142857 0.16138392857142855 0.04959821428571428 0.04964285714285714
0 0.2143973214285714 0.15314732142857143 0.04959821428571428 0.04959821428571428
0 0.26792410714285714 0.15417410714285715 0.049598214285714246 0.049598214285714294
0 0.31680803571428573 0.15314732142857143 0.04959821428571428 0.04959821428571428
0 0.3739508928571428 0.1515848214285714 0.04959821428571428 0.04959821428571428
0 0.4300669642857143 0.1428348214285714 0.04959821428571428 0.049598214285714266
0 0.4918526785714286 0.14953124999999998 0.04959821428571428 0.049598214285714266
0 0.5474330357142857 0.1799330357142857 0.04959821428571434 0.04959821428571428
0 0.603549107142857 0.2030803571428571 0.04959821428571434 0.04964285714285713
0 0.67203125 0.40024553571428567 0.04959821428571434 0.04959821428571428
0 0.1804017857142857 0.4589062499999999 0.04964285714285713 0.04959821428571428
0 0.68796875 0.5731919642857142 0.04959821428571422 0.04959821428571422
0 0.9886830357142857 0.5649776785714286 0.013705357142857111 0.04433035714285717
0 0.9771428571428571 0.5147544642857143 0.036785714285714324 0.04959821428571428
0 0.9496205357142857 0.46814732142857146 0.04959821428571434 0.04959821428571428
0 0.9310491071428572 0.40796874999999994 0.04959821428571434 0.04959821428571428
0 0.9143080357142856 0.35368303571428567 0.04959821428571434 0.04959821428571428
0 0.8948437499999999 0.30618303571428573 0.04959821428571434 0.04959821428571428
0 0.8564062499999998 0.2663616071428571 0.04959821428571422 0.04959821428571428
0 0.8351339285714285 0.21296874999999998 0.04964285714285716 0.04959821428571428
0 0.8197544642857142 0.15912946428571428 0.04959821428571434 0.049598214285714294
0 0.7971205357142856 0.10890625 0.04959821428571434 0.04959821428571428
0 0.770424107142857 0.06185267857142857 0.04959821428571422 0.04959821428571428
0 0.7410267857142857 0.016205357142857143 0.0495535714285714 0.04133928571428571
0 0.6992633928571428 0.6890848214285715 0.04959821428571422 0.04959821428571422
0 0.7012723214285713 0.8979241071428571 0.04959821428571422 0.04959821428571422
