1 0.05645089285714285 0.5910267857142858 0.12183035714285713 0.19839285714285718
1 0.1438839285714286 0.8647767857142857 0.19839285714285715 0.19839285714285712
0 0.38234375000000004 0.5200223214285714 0.04959821428571428 0.04959821428571428
0 0.22582589285714286 0.2389955357142857 0.04959821428571428 0.049598214285714315
0 0.31225446428571424 0.43439732142857146 0.04959821428571428 0.04959821428571428
0 0.5427008928571428 0.8421651785714285 0.04959821428571428 0.04959821428571422
0 0.45537946428571424 0.7662723214285713 0.04959821428571428 0.04959821428571422
0 0.9891294642857142 0.26479910714285715 0.01281250000000002 0.04343750000000002
0 0.6154241071428572 0.05194196428571429 0.04959821428571422 0.04959821428571429
0 0.65359375 0.11109374999999999 0.04959821428571434 0.049598214285714294
