0 0.5603794642857143 0.37386160714285716 0.04959821428571434 0.04959821428571428
0 0.7600223214285714 0.23801339285714285 0.04959821428571434 0.04959821428571428
0 0.8958258928571429 0.1511830357142857 0.04959821428571422 0.049598214285714294
0 0.9742857142857143 0.08082589285714285 0.042500000000000045 0.04959821428571428
0 0.7789062499999999 0.5636830357142856 0.04959821428571434 0.04959821428571428
0 0.8185491071428572 0.5386383928571429 0.04959821428571422 0.04959821428571428
0 0.9097991071428572 0.4731026785714285 0.04959821428571422 0.04959821428571428
0 0.9593080357142856 0.44310267857142854 0.04959821428571422 0.04959821428571428
0 0.24261160714285712 0.8868080357142856 0.04959821428571428 0.04959821428571422
0 0.98046875 0.41662946428571423 0.03013392857142857 0.04959821428571428
0 0.7104241071428571 0.25926339285714284 0.04959821428571422 0.049598214285714246
