1 0.9081696428571429 0.5805803571428572 0.17473214285714278 0.19839285714285718
0 0.013325892857142856 0.11533482142857143 0.03558035714285714 0.04959821428571428
0 0.001741071428571428 0.06604910714285715 0.012410714285714284 0.04290178571428572
0 0.3086383928571428 0.06984375 0.04959821428571428 0.04959821428571428
0 0.4269196428571428 0.24296874999999998 0.04964285714285716 0.04959821428571428
0 0.5109151785714285 0.09095982142857142 0.04959821428571428 0.04959821428571428
0 0.5434598214285714 0.13854910714285715 0.04959821428571422 0.049598214285714294
0 0.8430580357142856 0.008549107142857143 0.04959821428571434 0.026026785714285714
0 0.5682366071428571 0.18808035714285712 0.04959821428571428 0.04964285714285713
0 0.7503124999999999 0.4085491071428571 0.04964285714285716 0.04959821428571428
0 0.66921875 0.3031473214285714 0.04959821428571434 0.049598214285714246
0 0.7066294642857143 0.3531919642857143 0.04959821428571434 0.04959821428571428
0 0.6357142857142857 0.2691741071428571 0.04964285714285716 0.049598214285714246
0 0.6046205357142856 0.2351785714285714 0.04959821428571434 0.04964285714285716
0 0.9227008928571429 0.2939508928571428 0.04959821428571434 0.049598214285714315
0 0.9756026785714285 0.25265624999999997 0.03986607142857146 0.04959821428571428
0 0.36752232142857133 0.6518080357142857 0.04959821428571428 0.04959821428571434
