0 0.00171875 0.44296874999999997 0.012366071428571428 0.04290178571428571
0 0.04459821428571428 0.40640624999999997 0.04964285714285714 0.04959821428571428
0 0.02779017857142857 0.6106919642857144 0.04959821428571428 0.04959821428571422
0 0.13970982142857144 0.5463169642857143 0.049598214285714294 0.04959821428571434
0 0.29042410714285716 0.4292633928571428 0.04959821428571428 0.04959821428571428
0 0.24542410714285715 0.27390624999999996 0.04959821428571428 0.04959821428571428
0 0.17252232142857143 0.3167633928571429 0.04959821428571428 0.04959821428571428
0 0.1134375 0.34828124999999993 0.04964285714285713 0.04959821428571428
0 0.6613616071428571 0.6514955357142856 0.04959821428571422 0.04959821428571434
0 0.8052901785714285 0.5593080357142857 0.04959821428571422 0.04959821428571428
0 0.718549107142857 0.15078124999999998 0.04959821428571422 0.04959821428571428
0 0.23716517857142855 0.02232142857142857 0.04959821428571428 0.04964285714285714
